3 4 7 8 10 20 330
2 3 4 9 10 50 654
2 7 9 9 20 50 701
8 3 1 9 10 25 123
5 2 6 1 15 50 254
7 1 9 4 25 75 382
6 3 9 2 20 25 423
9 4 8 1 10 100 538
4 2 5 7 15 75 623
3 1 6 8 25 50 999
2 9 1 3 20 100 876
1 7 4 6 10 25 583
6 2 3 9 15 75 413
8 3 1 9 10 25 358
5 2 6 1 15 50 625
7 1 9 4 25 75 413
6 3 9 2 20 25 827
9 4 8 1 10 100 546
4 2 5 7 15 75 262
3 1 6 8 25 50 737
2 9 1 3 20 100 489
1 7 4 6 10 25 674
6 2 3 9 15 75 782
5 1 8 6 25 100 462
9 3 2 7 15 75 521
6 8 2 1 20 50 879
3 4 9 2 10 75 657
7 5 1 6 25 100 216
1 6 4 9 15 50 732
8 2 3 7 20 75 894
2 9 6 4 25 100 514
5 3 7 1 10 50 731
6 3 8 9 20 75 573
2 7 4 5 15 100 254
9 1 5 3 10 50 823
8 6 2 4 25 75 346
3 9 7 1 20 50 712
4 5 6 2 15 25 689
1 8 3 6 10 100 432
7 4 9 8 25 75 681
5 2 1 7 10 50 531
6 9 4 3 20 100 984